>index	chr	ext_probe_start	ext_probe_stop	lig_probe_start	lig_probe_stop
1	chr6	7541629	7541648	7541756	7541780
2	chr6	7541900	7541921	7542029	7542051
3	chr6	7541535	7541556	7541664	7541686
4	chr6	7541930	7541950	7542058	7542081
5	chr6	7541800	7541820	7541928	7541951
6	chr6	7541676	7541697	7541805	7541827
7	chr6	7542029	7542050	7542158	7542180
8	chr6	7590782	7590801	7590909	7590933
9	chr6	7541750	7541771	7541879	7541901
10	chr6	7590701	7590721	7590829	7590852
11	chr6	7579062	7579083	7579191	7579213
12	chr6	7542912	7542933	7543041	7543063
13	chr6	7588550	7588569	7588677	7588701
14	chr6	7570192	7570211	7570060	7570084
15	chr6	7542517	7542537	7542645	7542668
16	chr6	7542064	7542085	7542193	7542215
17	chr6	7542433	7542453	7542561	7542584
18	chr6	7600181	7600202	7600310	7600332
19	chr6	7542859	7542880	7542988	7543010
20	chr6	7551246	7551265	7551373	7551397
21	chr6	7600095	7600116	7600224	7600246
22	chr6	7597861	7597880	7597988	7598012
23	chr6	7542253	7542272	7542380	7542404
24	chr6	7527114	7527135	7527243	7527265
25	chr6	7527223	7527242	7527350	7527374
26	chr6	7601388	7601409	7601517	7601539
27	chr6	7542146	7542167	7542275	7542297
28	chr6	7549733	7549752	7549601	7549625
29	chr6	7552381	7552400	7552508	7552532
30	chr6	7590370	7590391	7590499	7590521
31	chr6	7601284	7601303	7601411	7601435
32	chr6	7599948	7599967	7600075	7600099
33	chr6	7542788	7542807	7542915	7542939
34	chr6	7596389	7596408	7596516	7596540
35	chr6	7561022	7561041	7561149	7561173
36	chr6	7586729	7586748	7586856	7586880
37	chr6	7585859	7585880	7585988	7586010
38	chr6	7551369	7551388	7551496	7551520
39	chr6	7590574	7590594	7590702	7590725
40	chr6	7545098	7545119	7545227	7545249
41	chr6	7590627	7590647	7590755	7590778
42	chr6	7590471	7590490	7590598	7590622
43	chr6	7602673	7602693	7602801	7602824
44	chr6	7525513	7525532	7525381	7525405
45	chr6	7594254	7594273	7594381	7594405
46	chr6	7548383	7548402	7548510	7548534
47	chr6	7577535	7577556	7577664	7577686
48	chr6	7585968	7585987	7586095	7586119
49	chr6	7542354	7542375	7542483	7542505
50	chr6	7597950	7597969	7598077	7598101
51	chr6	7521832	7521851	7521959	7521983
52	chr6	7522066	7522087	7521936	7521958
53	chr6	7522156	7522175	7522024	7522048
54	chr6	7522260	7522280	7522129	7522152
55	chr6	7522210	7522229	7522337	7522361
56	chr6	7522312	7522332	7522440	7522463
57	chr6	7522547	7522567	7522416	7522439
58	chr6	7522640	7522659	7522508	7522532
59	chr6	7522742	7522762	7522611	7522634
60	chr6	7522849	7522869	7522718	7522741
61	chr6	7522829	7522848	7522956	7522980
62	chr6	7522933	7522953	7523061	7523084
63	chr6	7523167	7523187	7523036	7523059
64	chr6	7523274	7523293	7523142	7523166
65	chr6	7523249	7523270	7523378	7523400
66	chr6	7523355	7523376	7523484	7523506
67	chr6	7523565	7523585	7523434	7523457
68	chr6	7523541	7523560	7523668	7523692
69	chr6	7523647	7523667	7523775	7523798
70	chr6	7523754	7523774	7523882	7523905
71	chr6	7524007	7524028	7523877	7523899
72	chr6	7524134	7524155	7524004	7524026
73	chr6	7524203	7524224	7524073	7524095
74	chr6	7524302	7524322	7524171	7524194
74	chr6	7524302	7524322	7524171	7524194
75	chr6	7524393	7524414	7524263	7524285
76	chr6	7524371	7524392	7524500	7524522
77	chr6	7524479	7524499	7524607	7524630
78	chr6	7524709	7524728	7524577	7524601
79	chr6	7524658	7524678	7524786	7524809
79	chr6	7524658	7524678	7524786	7524809
80	chr6	7524890	7524909	7524758	7524782
81	chr6	7524971	7524991	7524840	7524863
82	chr6	7525078	7525099	7524948	7524970
83	chr6	7525058	7525077	7525185	7525209
83	chr6	7525058	7525077	7525185	7525209
84	chr6	7525314	7525335	7525184	7525206
85	chr6	7525270	7525291	7525399	7525421
86	chr6	7525375	7525396	7525504	7525526
87	chr6	7525601	7525621	7525470	7525493
88	chr6	7525578	7525599	7525707	7525729
89	chr6	7525686	7525706	7525814	7525837
90	chr6	7525911	7525930	7525779	7525803
91	chr6	7526018	7526038	7525887	7525910
92	chr6	7526110	7526129	7525978	7526002
93	chr6	7526069	7526088	7526196	7526220
94	chr6	7526164	7526185	7526293	7526315
95	chr6	7526272	7526292	7526400	7526423
96	chr6	7526500	7526521	7526370	7526392
97	chr6	7526455	7526474	7526582	7526606
97	chr6	7526455	7526474	7526582	7526606
98	chr6	7526536	7526557	7526665	7526687
99	chr6	7526631	7526650	7526758	7526782
99	chr6	7526631	7526650	7526758	7526782
100	chr6	7526736	7526757	7526865	7526887
101	chr6	7526971	7526990	7526839	7526863
102	chr6	7526925	7526946	7527054	7527076
103	chr6	7527022	7527041	7527149	7527173
104	chr6	7527436	7527455	7527304	7527328
105	chr6	7527517	7527536	7527385	7527409
105	chr6	7527517	7527536	7527385	7527409
106	chr6	7527496	7527516	7527624	7527647
107	chr6	7527728	7527749	7527598	7527620
108	chr6	7527835	7527854	7527703	7527727
109	chr6	7527924	7527945	7527794	7527816
110	chr6	7527875	7527896	7528004	7528026
111	chr6	7528092	7528111	7527960	7527984
112	chr6	7528171	7528190	7528039	7528063
113	chr6	7528248	7528269	7528118	7528140
114	chr6	7528203	7528222	7528330	7528354
115	chr6	7528300	7528321	7528429	7528451
116	chr6	7528409	7528428	7528536	7528560
117	chr6	7528643	7528662	7528511	7528535
118	chr6	7528616	7528635	7528743	7528767
119	chr6	7528705	7528725	7528833	7528856
120	chr6	7528787	7528806	7528914	7528938
121	chr6	7529021	7529041	7528890	7528913
122	chr6	7529128	7529148	7528997	7529020
123	chr6	7529229	7529248	7529097	7529121
124	chr6	7529196	7529215	7529323	7529347
125	chr6	7529429	7529448	7529297	7529321
126	chr6	7529401	7529421	7529529	7529552
127	chr6	7529508	7529528	7529636	7529659
128	chr6	7529743	7529764	7529613	7529635
129	chr6	7529723	7529742	7529850	7529874
130	chr6	7529957	7529977	7529826	7529849
131	chr6	7529935	7529956	7530064	7530086
132	chr6	7530012	7530033	7530141	7530163
132	chr6	7530012	7530033	7530141	7530163
133	chr6	7530120	7530140	7530248	7530271
134	chr6	7530227	7530247	7530355	7530378
135	chr6	7530462	7530482	7530331	7530354
136	chr6	7530559	7530578	7530427	7530451
137	chr6	7530663	7530682	7530531	7530555
138	chr6	7530746	7530766	7530615	7530638
139	chr6	7530824	7530844	7530693	7530716
140	chr6	7530931	7530951	7530800	7530823
141	chr6	7530909	7530930	7531038	7531060
142	chr6	7531145	7531164	7531013	7531037
143	chr6	7531120	7531139	7531247	7531271
144	chr6	7531223	7531242	7531350	7531374
145	chr6	7531329	7531348	7531456	7531480
146	chr6	7531415	7531435	7531543	7531566
147	chr6	7531696	7531715	7531564	7531588
148	chr6	7531776	7531796	7531645	7531668
149	chr6	7531750	7531769	7531877	7531901
150	chr6	7531826	7531846	7531954	7531977
151	chr6	7532039	7532058	7531907	7531931
152	chr6	7532010	7532029	7532137	7532161
153	chr6	7532241	7532260	7532109	7532133
154	chr6	7532320	7532340	7532189	7532212
155	chr6	7532401	7532420	7532269	7532293
156	chr6	7532501	7532521	7532370	7532393
157	chr6	7532595	7532615	7532464	7532487
158	chr6	7532696	7532716	7532565	7532588
159	chr6	7532660	7532681	7532789	7532811
160	chr6	7532768	7532788	7532896	7532919
161	chr6	7532983	7533002	7532851	7532875
162	chr6	7533067	7533086	7532935	7532959
163	chr6	7533045	7533066	7533174	7533196
164	chr6	7533123	7533143	7533251	7533274
165	chr6	7533227	7533246	7533354	7533378
166	chr6	7533309	7533328	7533436	7533460
167	chr6	7533536	7533555	7533404	7533428
168	chr6	7533516	7533535	7533643	7533667
169	chr6	7533623	7533642	7533750	7533774
170	chr6	7533728	7533749	7533857	7533879
171	chr6	7533963	7533982	7533831	7533855
172	chr6	7533942	7533961	7534069	7534093
173	chr6	7534163	7534184	7534033	7534055
174	chr6	7534250	7534271	7534120	7534142
175	chr6	7534345	7534365	7534214	7534237
176	chr6	7534324	7534344	7534452	7534475
177	chr6	7534559	7534580	7534429	7534451
178	chr6	7534666	7534686	7534535	7534558
179	chr6	7534773	7534794	7534643	7534665
180	chr6	7534880	7534900	7534749	7534772
181	chr6	7534857	7534878	7534986	7535008
182	chr6	7535092	7535111	7534960	7534984
183	chr6	7535191	7535212	7535061	7535083
184	chr6	7535275	7535294	7535143	7535167
184	chr6	7535275	7535294	7535143	7535167
185	chr6	7535233	7535254	7535362	7535384
186	chr6	7535321	7535342	7535450	7535472
187	chr6	7535430	7535449	7535557	7535581
187	chr6	7535430	7535449	7535557	7535581
188	chr6	7535656	7535675	7535524	7535548
189	chr6	7535760	7535780	7535629	7535652
189	chr6	7535760	7535780	7535629	7535652
190	chr6	7535862	7535882	7535731	7535754
191	chr6	7535969	7535989	7535838	7535861
192	chr6	7536070	7536089	7535938	7535962
193	chr6	7536159	7536178	7536027	7536051
194	chr6	7536134	7536155	7536263	7536285
195	chr6	7536348	7536368	7536217	7536240
196	chr6	7536451	7536470	7536319	7536343
197	chr6	7536555	7536574	7536423	7536447
198	chr6	7536522	7536542	7536650	7536673
198	chr6	7536522	7536542	7536650	7536673
199	chr6	7536728	7536747	7536596	7536620
200	chr6	7536708	7536727	7536835	7536859
201	chr6	7536936	7536956	7536805	7536828
202	chr6	7537043	7537064	7536913	7536935
203	chr6	7537150	7537169	7537018	7537042
204	chr6	7537120	7537141	7537249	7537271
205	chr6	7537224	7537244	7537352	7537375
206	chr6	7537430	7537449	7537298	7537322
207	chr6	7537528	7537548	7537397	7537420
208	chr6	7537613	7537632	7537481	7537505
209	chr6	7537587	7537606	7537714	7537738
210	chr6	7537821	7537841	7537690	7537713
211	chr6	7537928	7537947	7537796	7537820
212	chr6	7538035	7538054	7537903	7537927
213	chr6	7538012	7538031	7538139	7538163
214	chr6	7538117	7538138	7538246	7538268
215	chr6	7538345	7538366	7538215	7538237
216	chr6	7538293	7538314	7538422	7538444
217	chr6	7538501	7538521	7538370	7538393
218	chr6	7538603	7538624	7538473	7538495
219	chr6	7538581	7538602	7538710	7538732
220	chr6	7538817	7538837	7538686	7538709
221	chr6	7538901	7538920	7538769	7538793
222	chr6	7539008	7539027	7538876	7538900
223	chr6	7538987	7539007	7539115	7539138
224	chr6	7539213	7539233	7539082	7539105
225	chr6	7539320	7539341	7539190	7539212
226	chr6	7539419	7539439	7539288	7539311
227	chr6	7539399	7539418	7539526	7539550
228	chr6	7539501	7539520	7539628	7539652
229	chr6	7539706	7539725	7539574	7539598
230	chr6	7539799	7539820	7539669	7539691
231	chr6	7539903	7539922	7539771	7539795
232	chr6	7539882	7539902	7540010	7540033
233	chr6	7539989	7540009	7540117	7540140
234	chr6	7540096	7540116	7540224	7540247
235	chr6	7540312	7540331	7540180	7540204
236	chr6	7540280	7540300	7540408	7540431
237	chr6	7540515	7540535	7540384	7540407
238	chr6	7540593	7540613	7540462	7540485
239	chr6	7540549	7540570	7540678	7540700
240	chr6	7540656	7540677	7540785	7540807
241	chr6	7540740	7540759	7540867	7540891
242	chr6	7540841	7540862	7540970	7540992
243	chr6	7541053	7541073	7540922	7540945
244	chr6	7541010	7541030	7541138	7541161
245	chr6	7541216	7541237	7541086	7541108
246	chr6	7541196	7541215	7541323	7541347
247	chr6	7541302	7541322	7541430	7541453
248	chr6	7541528	7541548	7541397	7541420
249	chr6	7541613	7541633	7541482	7541505
250	chr6	7542598	7542617	7542725	7542749
251	chr6	7542805	7542825	7542674	7542697
252	chr6	7542908	7542929	7542778	7542800
253	chr6	7543126	7543146	7542995	7543018
254	chr6	7543210	7543229	7543078	7543102
254	chr6	7543210	7543229	7543078	7543102
255	chr6	7543293	7543312	7543161	7543185
256	chr6	7543376	7543397	7543246	7543268
257	chr6	7543341	7543362	7543470	7543492
258	chr6	7543548	7543567	7543416	7543440
259	chr6	7543528	7543547	7543655	7543679
260	chr6	7543753	7543772	7543621	7543645
261	chr6	7543720	7543739	7543847	7543871
262	chr6	7543928	7543947	7543796	7543820
263	chr6	7543904	7543924	7544032	7544055
264	chr6	7544109	7544128	7543977	7544001
265	chr6	7544060	7544080	7544188	7544211
265	chr6	7544060	7544080	7544188	7544211
266	chr6	7544294	7544315	7544164	7544186
267	chr6	7544394	7544414	7544263	7544286
268	chr6	7544372	7544393	7544501	7544523
269	chr6	7544464	7544485	7544593	7544615
270	chr6	7544569	7544589	7544697	7544720
271	chr6	7544797	7544816	7544665	7544689
272	chr6	7544760	7544780	7544888	7544911
273	chr6	7544848	7544868	7544976	7544999
274	chr6	7545060	7545079	7544928	7544952
275	chr6	7545166	7545187	7545036	7545058
276	chr6	7545198	7545217	7545325	7545349
277	chr6	7545287	7545306	7545414	7545438
278	chr6	7545394	7545413	7545521	7545545
279	chr6	7545481	7545502	7545610	7545632
280	chr6	7545577	7545596	7545704	7545728
281	chr6	7545683	7545703	7545811	7545834
282	chr6	7545900	7545919	7545768	7545792
283	chr6	7545878	7545899	7546007	7546029
284	chr6	7546107	7546128	7545977	7545999
285	chr6	7546086	7546106	7546214	7546237
286	chr6	7546321	7546342	7546191	7546213
287	chr6	7546426	7546446	7546295	7546318
288	chr6	7546377	7546397	7546505	7546528
289	chr6	7546585	7546605	7546454	7546477
290	chr6	7546542	7546562	7546670	7546693
291	chr6	7546773	7546793	7546642	7546665
292	chr6	7546740	7546761	7546869	7546891
293	chr6	7546948	7546967	7546816	7546840
294	chr6	7547052	7547072	7546921	7546944
295	chr6	7547146	7547166	7547015	7547038
296	chr6	7547102	7547121	7547229	7547253
297	chr6	7547199	7547220	7547328	7547350
298	chr6	7547289	7547309	7547417	7547440
298	chr6	7547289	7547309	7547417	7547440
299	chr6	7547524	7547544	7547393	7547416
300	chr6	7547501	7547520	7547628	7547652
301	chr6	7547731	7547751	7547600	7547623
302	chr6	7547858	7547877	7547726	7547750
303	chr6	7547942	7547963	7547812	7547834
304	chr6	7548049	7548070	7547919	7547941
305	chr6	7548153	7548174	7548023	7548045
306	chr6	7548133	7548152	7548260	7548284
307	chr6	7548367	7548386	7548235	7548259
308	chr6	7548491	7548512	7548361	7548383
309	chr6	7548488	7548508	7548616	7548639
309	chr6	7548488	7548508	7548616	7548639
310	chr6	7548697	7548716	7548565	7548589
311	chr6	7548675	7548696	7548804	7548826
312	chr6	7548783	7548803	7548911	7548934
313	chr6	7549006	7549026	7548875	7548898
314	chr6	7549085	7549105	7548954	7548977
315	chr6	7549064	7549084	7549192	7549215
316	chr6	7549171	7549190	7549298	7549322
317	chr6	7549256	7549275	7549383	7549407
318	chr6	7549348	7549367	7549475	7549499
319	chr6	7549497	7549516	7549624	7549648
320	chr6	7549560	7549581	7549689	7549711
321	chr6	7549817	7549837	7549686	7549709
322	chr6	7549794	7549813	7549921	7549945
323	chr6	7550026	7550047	7549896	7549918
324	chr6	7550131	7550151	7550000	7550023
325	chr6	7550104	7550123	7550231	7550255
326	chr6	7550189	7550208	7550316	7550340
327	chr6	7550423	7550442	7550291	7550315
328	chr6	7550401	7550422	7550530	7550552
329	chr6	7550637	7550657	7550506	7550529
330	chr6	7550744	7550764	7550613	7550636
331	chr6	7550694	7550713	7550821	7550845
332	chr6	7550790	7550809	7550917	7550941
333	chr6	7550872	7550891	7550999	7551023
334	chr6	7550968	7550989	7551097	7551119
335	chr6	7551053	7551073	7551181	7551204
336	chr6	7551270	7551289	7551138	7551162
337	chr6	7551338	7551357	7551465	7551489
338	chr6	7551588	7551609	7551458	7551480
339	chr6	7551551	7551570	7551678	7551702
339	chr6	7551551	7551570	7551678	7551702
340	chr6	7551657	7551677	7551785	7551808
340	chr6	7551657	7551677	7551785	7551808
341	chr6	7551763	7551784	7551892	7551914
342	chr6	7551862	7551882	7551990	7552013
343	chr6	7551970	7551989	7552097	7552121
344	chr6	7552071	7552092	7552200	7552222
345	chr6	7552178	7552199	7552307	7552329
346	chr6	7552393	7552412	7552261	7552285
346	chr6	7552393	7552412	7552261	7552285
347	chr6	7552486	7552506	7552355	7552378
348	chr6	7552488	7552507	7552615	7552639
349	chr6	7552757	7552776	7552625	7552649
350	chr6	7552829	7552848	7552697	7552721
351	chr6	7552807	7552826	7552934	7552958
352	chr6	7552909	7552930	7553038	7553060
353	chr6	7553009	7553028	7553136	7553160
354	chr6	7553243	7553263	7553112	7553135
354	chr6	7553243	7553263	7553112	7553135
355	chr6	7553336	7553356	7553205	7553228
356	chr6	7553305	7553325	7553433	7553456
357	chr6	7553540	7553559	7553408	7553432
358	chr6	7553511	7553532	7553640	7553662
359	chr6	7553619	7553639	7553747	7553770
360	chr6	7553848	7553868	7553717	7553740
361	chr6	7553827	7553847	7553955	7553978
362	chr6	7554038	7554057	7553906	7553930
363	chr6	7554115	7554136	7553985	7554007
363	chr6	7554115	7554136	7553985	7554007
364	chr6	7554208	7554227	7554076	7554100
365	chr6	7554178	7554197	7554305	7554329
366	chr6	7554394	7554414	7554263	7554286
367	chr6	7554501	7554521	7554370	7554393
368	chr6	7554608	7554627	7554476	7554500
368	chr6	7554608	7554627	7554476	7554500
369	chr6	7554582	7554601	7554709	7554733
370	chr6	7554811	7554832	7554681	7554703
371	chr6	7554784	7554804	7554912	7554935
372	chr6	7555019	7555039	7554888	7554911
373	chr6	7555126	7555146	7554995	7555018
374	chr6	7555204	7555223	7555072	7555096
375	chr6	7555183	7555203	7555311	7555334
376	chr6	7555391	7555412	7555261	7555283
377	chr6	7555477	7555497	7555346	7555369
378	chr6	7555428	7555449	7555557	7555579
379	chr6	7555664	7555683	7555532	7555556
380	chr6	7555641	7555660	7555768	7555792
381	chr6	7555860	7555879	7555728	7555752
382	chr6	7555961	7555982	7555831	7555853
383	chr6	7555939	7555960	7556068	7556090
384	chr6	7556168	7556188	7556037	7556060
385	chr6	7556148	7556167	7556275	7556299
386	chr6	7556382	7556403	7556252	7556274
387	chr6	7556362	7556381	7556489	7556513
388	chr6	7556451	7556470	7556578	7556602
389	chr6	7556663	7556683	7556532	7556555
389	chr6	7556663	7556683	7556532	7556555
390	chr6	7556762	7556783	7556632	7556654
391	chr6	7556739	7556759	7556867	7556890
392	chr6	7556844	7556865	7556973	7556995
393	chr6	7557069	7557089	7556938	7556961
394	chr6	7557049	7557068	7557176	7557200
395	chr6	7557270	7557290	7557139	7557162
396	chr6	7557221	7557241	7557349	7557372
397	chr6	7557456	7557475	7557324	7557348
398	chr6	7557551	7557570	7557419	7557443
399	chr6	7557637	7557658	7557507	7557529
400	chr6	7557617	7557636	7557744	7557768
401	chr6	7557770	7557791	7557899	7557921
402	chr6	7557943	7557962	7557811	7557835
402	chr6	7557943	7557962	7557811	7557835
403	chr6	7558030	7558050	7557899	7557922
403	chr6	7558030	7558050	7557899	7557922
404	chr6	7558131	7558152	7558001	7558023
405	chr6	7558235	7558255	7558104	7558127
406	chr6	7558203	7558223	7558331	7558354
407	chr6	7558425	7558445	7558294	7558317
408	chr6	7558403	7558422	7558530	7558554
409	chr6	7558489	7558510	7558618	7558640
410	chr6	7558594	7558614	7558722	7558745
411	chr6	7558821	7558842	7558691	7558713
412	chr6	7558801	7558820	7558928	7558952
413	chr6	7558894	7558914	7559022	7559045
413	chr6	7558894	7558914	7559022	7559045
414	chr6	7559129	7559149	7558998	7559021
415	chr6	7559236	7559257	7559106	7559128
416	chr6	7559211	7559232	7559340	7559362
417	chr6	7559421	7559442	7559291	7559313
417	chr6	7559421	7559442	7559291	7559313
418	chr6	7559528	7559548	7559397	7559420
419	chr6	7559614	7559633	7559482	7559506
420	chr6	7559594	7559613	7559721	7559745
421	chr6	7559828	7559849	7559698	7559720
422	chr6	7559917	7559937	7559786	7559809
423	chr6	7559868	7559888	7559996	7560019
424	chr6	7560103	7560123	7559972	7559995
425	chr6	7560210	7560230	7560079	7560102
426	chr6	7560317	7560338	7560187	7560209
427	chr6	7560406	7560427	7560276	7560298
428	chr6	7560494	7560513	7560362	7560386
429	chr6	7560589	7560608	7560457	7560481
430	chr6	7560549	7560568	7560676	7560700
431	chr6	7560773	7560792	7560641	7560665
432	chr6	7560880	7560900	7560749	7560772
433	chr6	7560849	7560868	7560976	7561000
434	chr6	7560940	7560961	7561069	7561091
435	chr6	7561104	7561124	7561232	7561255
436	chr6	7561336	7561355	7561204	7561228
436	chr6	7561336	7561355	7561204	7561228
437	chr6	7561443	7561462	7561311	7561335
438	chr6	7561421	7561442	7561550	7561572
439	chr6	7561627	7561646	7561495	7561519
440	chr6	7561604	7561625	7561733	7561755
441	chr6	7561829	7561849	7561698	7561721
442	chr6	7561793	7561813	7561921	7561944
443	chr6	7562023	7562042	7561891	7561915
444	chr6	7561984	7562003	7562111	7562135
445	chr6	7562072	7562092	7562200	7562223
446	chr6	7562291	7562311	7562160	7562183
447	chr6	7562256	7562276	7562384	7562407
448	chr6	7562334	7562353	7562461	7562485
449	chr6	7562568	7562588	7562437	7562460
450	chr6	7562547	7562567	7562675	7562698
451	chr6	7562631	7562650	7562758	7562782
452	chr6	7562865	7562886	7562735	7562757
453	chr6	7562943	7562964	7562813	7562835
454	chr6	7562910	7562929	7563037	7563061
455	chr6	7563013	7563034	7563142	7563164
456	chr6	7563118	7563137	7563245	7563269
457	chr6	7563339	7563359	7563208	7563231
458	chr6	7563318	7563338	7563446	7563469
459	chr6	7563395	7563415	7563523	7563546
460	chr6	7563502	7563522	7563630	7563653
461	chr6	7563735	7563754	7563603	7563627
462	chr6	7563839	7563859	7563708	7563731
463	chr6	7563819	7563838	7563946	7563970
464	chr6	7563914	7563935	7564043	7564065
465	chr6	7564016	7564036	7564144	7564167
466	chr6	7564096	7564116	7564224	7564247
466	chr6	7564096	7564116	7564224	7564247
467	chr6	7564331	7564350	7564199	7564223
468	chr6	7564420	7564439	7564288	7564312
469	chr6	7564504	7564525	7564374	7564396
470	chr6	7564460	7564479	7564587	7564611
470	chr6	7564460	7564479	7564587	7564611
471	chr6	7564565	7564586	7564694	7564716
472	chr6	7564674	7564693	7564801	7564825
473	chr6	7564779	7564799	7564907	7564930
474	chr6	7564862	7564881	7564989	7565013
475	chr6	7564962	7564981	7565089	7565113
476	chr6	7565069	7565088	7565196	7565220
477	chr6	7565303	7565323	7565172	7565195
478	chr6	7565410	7565429	7565278	7565302
479	chr6	7565501	7565520	7565369	7565393
479	chr6	7565501	7565520	7565369	7565393
480	chr6	7565608	7565629	7565478	7565500
481	chr6	7565705	7565726	7565575	7565597
482	chr6	7565812	7565832	7565681	7565704
483	chr6	7565918	7565939	7565788	7565810
484	chr6	7565897	7565917	7566025	7566048
485	chr6	7566124	7566144	7565993	7566016
486	chr6	7566231	7566250	7566099	7566123
487	chr6	7566211	7566230	7566338	7566362
488	chr6	7566288	7566308	7566416	7566439
489	chr6	7566366	7566385	7566493	7566517
490	chr6	7566471	7566490	7566598	7566622
491	chr6	7566577	7566597	7566705	7566728
492	chr6	7566809	7566828	7566677	7566701
493	chr6	7566903	7566924	7566773	7566795
494	chr6	7566860	7566879	7566987	7567011
495	chr6	7567094	7567113	7566962	7566986
496	chr6	7567073	7567093	7567201	7567224
497	chr6	7567280	7567300	7567149	7567172
498	chr6	7567366	7567386	7567235	7567258
499	chr6	7567449	7567468	7567317	7567341
500	chr6	7567428	7567448	7567556	7567579
501	chr6	7567533	7567554	7567662	7567684
502	chr6	7567739	7567760	7567609	7567631
503	chr6	7567845	7567865	7567714	7567737
504	chr6	7567928	7567947	7567796	7567820
505	chr6	7567907	7567927	7568035	7568058
506	chr6	7568142	7568163	7568012	7568034
507	chr6	7568121	7568141	7568249	7568272
508	chr6	7568333	7568352	7568201	7568225
509	chr6	7568312	7568332	7568440	7568463
510	chr6	7568527	7568547	7568396	7568419
511	chr6	7568628	7568649	7568498	7568520
512	chr6	7568735	7568755	7568604	7568627
513	chr6	7568695	7568714	7568822	7568846
514	chr6	7568795	7568815	7568923	7568946
515	chr6	7568883	7568902	7569010	7569034
516	chr6	7568961	7568980	7569088	7569112
517	chr6	7569046	7569066	7569174	7569197
518	chr6	7569151	7569171	7569279	7569302
519	chr6	7569386	7569405	7569254	7569278
520	chr6	7569493	7569513	7569362	7569385
521	chr6	7569583	7569602	7569451	7569475
522	chr6	7569660	7569681	7569530	7569552
523	chr6	7569639	7569658	7569766	7569790
524	chr6	7569746	7569765	7569873	7569897
525	chr6	7569957	7569976	7569825	7569849
526	chr6	7569935	7569956	7570064	7570086
527	chr6	7570042	7570063	7570171	7570193
528	chr6	7570278	7570297	7570146	7570170
529	chr6	7570256	7570277	7570385	7570407
530	chr6	7570363	7570384	7570492	7570514
531	chr6	7570598	7570618	7570467	7570490
532	chr6	7570705	7570726	7570575	7570597
533	chr6	7570812	7570833	7570682	7570704
534	chr6	7570762	7570782	7570890	7570913
535	chr6	7570997	7571016	7570865	7570889
536	chr6	7571074	7571095	7570944	7570966
536	chr6	7571074	7571095	7570944	7570966
537	chr6	7571171	7571192	7571041	7571063
538	chr6	7571278	7571298	7571147	7571170
539	chr6	7571385	7571405	7571254	7571277
540	chr6	7571352	7571372	7571480	7571503
541	chr6	7571458	7571479	7571587	7571609
542	chr6	7571694	7571713	7571562	7571586
543	chr6	7571801	7571821	7571670	7571693
544	chr6	7571779	7571800	7571908	7571930
545	chr6	7571873	7571893	7572001	7572024
545	chr6	7571873	7571893	7572001	7572024
546	chr6	7572102	7572122	7571971	7571994
547	chr6	7572209	7572229	7572078	7572101
548	chr6	7572188	7572208	7572316	7572339
549	chr6	7572293	7572314	7572422	7572444
550	chr6	7572504	7572525	7572374	7572396
551	chr6	7572482	7572502	7572610	7572633
552	chr6	7572590	7572609	7572717	7572741
553	chr6	7572824	7572844	7572693	7572716
554	chr6	7572931	7572952	7572801	7572823
555	chr6	7572906	7572927	7573035	7573057
556	chr6	7573136	7573157	7573006	7573028
557	chr6	7573243	7573263	7573112	7573135
558	chr6	7573350	7573369	7573218	7573242
559	chr6	7573428	7573448	7573297	7573320
560	chr6	7573407	7573426	7573534	7573558
560	chr6	7573407	7573426	7573534	7573558
561	chr6	7573511	7573530	7573638	7573662
562	chr6	7573802	7573821	7573670	7573694
563	chr6	7573851	7573870	7573719	7573743
564	chr6	7573958	7573979	7573828	7573850
565	chr6	7573910	7573929	7574037	7574061
566	chr6	7574135	7574154	7574003	7574027
567	chr6	7574084	7574104	7574212	7574235
568	chr6	7574171	7574191	7574299	7574322
569	chr6	7574251	7574271	7574379	7574402
570	chr6	7574345	7574365	7574473	7574496
571	chr6	7574437	7574457	7574565	7574588
572	chr6	7574516	7574535	7574643	7574667
573	chr6	7574750	7574771	7574620	7574642
574	chr6	7574855	7574874	7574723	7574747
575	chr6	7574959	7574979	7574828	7574851
576	chr6	7574926	7574945	7575053	7575077
577	chr6	7575025	7575045	7575153	7575176
578	chr6	7575132	7575152	7575260	7575283
579	chr6	7575240	7575259	7575367	7575391
580	chr6	7575474	7575494	7575343	7575366
581	chr6	7575454	7575473	7575581	7575605
582	chr6	7575688	7575708	7575557	7575580
583	chr6	7575666	7575686	7575794	7575817
584	chr6	7575770	7575791	7575899	7575921
585	chr6	7576006	7576026	7575875	7575898
586	chr6	7575959	7575978	7576086	7576110
587	chr6	7576058	7576077	7576185	7576209
588	chr6	7576292	7576313	7576162	7576184
589	chr6	7576391	7576410	7576259	7576283
590	chr6	7576346	7576366	7576474	7576497
591	chr6	7576453	7576473	7576581	7576604
592	chr6	7576681	7576700	7576549	7576573
593	chr6	7576767	7576788	7576637	7576659
594	chr6	7576718	7576738	7576846	7576869
595	chr6	7576953	7576973	7576822	7576845
596	chr6	7576903	7576922	7577030	7577054
597	chr6	7576986	7577005	7577113	7577137
598	chr6	7577086	7577106	7577214	7577237
599	chr6	7577194	7577213	7577321	7577345
600	chr6	7577428	7577449	7577298	7577320
601	chr6	7577533	7577553	7577402	7577425
602	chr6	7577512	7577531	7577639	7577663
603	chr6	7577794	7577813	7577662	7577686
604	chr6	7577878	7577897	7577746	7577770
605	chr6	7577960	7577980	7577829	7577852
606	chr6	7577939	7577959	7578067	7578090
607	chr6	7578169	7578188	7578037	7578061
608	chr6	7578270	7578289	7578138	7578162
609	chr6	7578372	7578392	7578241	7578264
610	chr6	7578351	7578371	7578479	7578502
611	chr6	7578427	7578448	7578556	7578578
612	chr6	7578659	7578680	7578529	7578551
613	chr6	7578628	7578648	7578756	7578779
614	chr6	7578861	7578880	7578729	7578753
615	chr6	7578815	7578835	7578943	7578966
616	chr6	7578905	7578924	7579032	7579056
617	chr6	7578996	7579015	7579123	7579147
618	chr6	7579270	7579289	7579138	7579162
618	chr6	7579270	7579289	7579138	7579162
619	chr6	7579240	7579259	7579367	7579391
620	chr6	7579332	7579351	7579459	7579483
621	chr6	7579414	7579435	7579543	7579565
622	chr6	7579650	7579670	7579519	7579542
623	chr6	7579630	7579649	7579757	7579781
624	chr6	7579736	7579756	7579864	7579887
625	chr6	7579971	7579991	7579840	7579863
626	chr6	7580078	7580098	7579947	7579970
627	chr6	7580058	7580077	7580185	7580209
628	chr6	7580291	7580311	7580160	7580183
629	chr6	7580398	7580418	7580267	7580290
630	chr6	7580482	7580501	7580350	7580374
631	chr6	7580461	7580481	7580589	7580612
632	chr6	7580696	7580716	7580565	7580588
633	chr6	7580676	7580695	7580803	7580827
634	chr6	7580910	7580930	7580779	7580802
635	chr6	7581017	7581037	7580886	7580909
636	chr6	7581108	7581127	7580976	7581000
637	chr6	7581215	7581235	7581084	7581107
638	chr6	7581303	7581323	7581172	7581195
639	chr6	7581255	7581276	7581384	7581406
640	chr6	7581357	7581377	7581485	7581508
641	chr6	7581592	7581611	7581460	7581484
642	chr6	7581699	7581719	7581568	7581591
643	chr6	7581679	7581698	7581806	7581830
644	chr6	7581759	7581778	7581886	7581910
645	chr6	7581866	7581885	7581993	7582017
646	chr6	7582073	7582094	7581943	7581965
647	chr6	7582041	7582062	7582170	7582192
648	chr6	7582131	7582150	7582258	7582282
649	chr6	7582365	7582384	7582233	7582257
650	chr6	7582345	7582364	7582472	7582496
651	chr6	7582441	7582460	7582568	7582592
652	chr6	7582536	7582556	7582664	7582687
653	chr6	7582747	7582767	7582616	7582639
654	chr6	7582851	7582870	7582719	7582743
655	chr6	7582936	7582956	7582805	7582828
656	chr6	7583043	7583063	7582912	7582935
657	chr6	7583022	7583042	7583150	7583173
658	chr6	7583257	7583277	7583126	7583149
659	chr6	7583364	7583384	7583233	7583256
660	chr6	7583441	7583460	7583309	7583333
661	chr6	7583419	7583440	7583548	7583570
662	chr6	7583527	7583547	7583655	7583678
663	chr6	7583757	7583776	7583625	7583649
664	chr6	7583736	7583756	7583864	7583887
665	chr6	7583947	7583968	7583817	7583839
666	chr6	7584054	7584074	7583923	7583946
667	chr6	7584034	7584053	7584161	7584185
668	chr6	7584268	7584288	7584137	7584160
669	chr6	7584375	7584394	7584243	7584267
670	chr6	7584355	7584374	7584482	7584506
671	chr6	7584585	7584605	7584454	7584477
672	chr6	7584563	7584584	7584692	7584714
673	chr6	7584671	7584691	7584799	7584822
674	chr6	7584777	7584796	7584904	7584928
675	chr6	7584883	7584903	7585011	7585034
676	chr6	7584990	7585010	7585118	7585141
677	chr6	7585096	7585116	7585224	7585247
678	chr6	7585203	7585223	7585331	7585354
679	chr6	7585310	7585330	7585438	7585461
680	chr6	7585397	7585416	7585524	7585548
681	chr6	7585501	7585521	7585629	7585652
682	chr6	7585736	7585756	7585605	7585628
683	chr6	7585686	7585707	7585815	7585837
684	chr6	7585922	7585943	7585792	7585814
685	chr6	7586200	7586221	7586070	7586092
686	chr6	7586277	7586297	7586146	7586169
686	chr6	7586277	7586297	7586146	7586169
687	chr6	7586230	7586250	7586358	7586381
688	chr6	7586311	7586332	7586440	7586462
689	chr6	7586545	7586566	7586415	7586437
690	chr6	7586516	7586535	7586643	7586667
691	chr6	7586748	7586768	7586617	7586640
692	chr6	7586831	7586850	7586699	7586723
693	chr6	7586835	7586854	7586962	7586986
694	chr6	7587041	7587061	7586910	7586933
695	chr6	7587019	7587040	7587148	7587170
696	chr6	7587122	7587143	7587251	7587273
697	chr6	7587230	7587250	7587358	7587381
698	chr6	7587465	7587484	7587333	7587357
699	chr6	7587445	7587464	7587572	7587596
700	chr6	7587522	7587541	7587649	7587673
701	chr6	7587629	7587648	7587756	7587780
702	chr6	7587735	7587755	7587863	7587886
703	chr6	7587836	7587855	7587963	7587987
704	chr6	7588068	7588089	7587938	7587960
705	chr6	7588165	7588186	7588035	7588057
706	chr6	7588272	7588293	7588142	7588164
707	chr6	7588251	7588271	7588379	7588402
708	chr6	7588459	7588479	7588328	7588351
709	chr6	7588566	7588587	7588436	7588458
710	chr6	7588669	7588690	7588539	7588561
711	chr6	7588687	7588707	7588815	7588838
712	chr6	7588891	7588910	7588759	7588783
713	chr6	7588992	7589012	7588861	7588884
714	chr6	7588942	7588963	7589071	7589093
715	chr6	7589177	7589196	7589045	7589069
716	chr6	7589156	7589176	7589284	7589307
717	chr6	7589391	7589412	7589261	7589283
718	chr6	7589496	7589517	7589366	7589388
719	chr6	7589452	7589472	7589580	7589603
720	chr6	7589686	7589706	7589555	7589578
721	chr6	7589665	7589685	7589793	7589816
722	chr6	7589879	7589898	7589747	7589771
723	chr6	7589847	7589867	7589975	7589998
724	chr6	7590064	7590084	7589933	7589956
725	chr6	7590149	7590170	7590019	7590041
726	chr6	7590128	7590148	7590256	7590279
727	chr6	7590348	7590368	7590217	7590240
728	chr6	7590300	7590319	7590427	7590451
729	chr6	7590889	7590908	7591016	7591040
730	chr6	7591123	7591144	7590993	7591015
731	chr6	7591217	7591238	7591087	7591109
732	chr6	7591324	7591343	7591192	7591216
733	chr6	7591430	7591451	7591300	7591322
734	chr6	7591531	7591550	7591399	7591423
735	chr6	7591613	7591634	7591483	7591505
736	chr6	7591702	7591722	7591571	7591594
737	chr6	7591681	7591701	7591809	7591832
738	chr6	7591761	7591780	7591888	7591912
739	chr6	7591858	7591878	7591986	7592009
740	chr6	7591961	7591980	7592088	7592112
741	chr6	7592066	7592087	7592195	7592217
742	chr6	7592297	7592317	7592166	7592189
743	chr6	7592404	7592424	7592273	7592296
744	chr6	7592486	7592506	7592355	7592378
745	chr6	7592437	7592458	7592566	7592588
746	chr6	7592518	7592537	7592645	7592669
747	chr6	7592749	7592768	7592617	7592641
748	chr6	7592729	7592748	7592856	7592880
749	chr6	7592963	7592982	7592831	7592855
750	chr6	7592941	7592960	7593068	7593092
751	chr6	7593168	7593189	7593038	7593060
752	chr6	7593246	7593265	7593114	7593138
752	chr6	7593246	7593265	7593114	7593138
753	chr6	7593209	7593228	7593336	7593360
754	chr6	7593429	7593449	7593298	7593321
755	chr6	7593407	7593428	7593536	7593558
756	chr6	7593515	7593535	7593643	7593666
757	chr6	7593748	7593768	7593617	7593640
758	chr6	7593712	7593732	7593840	7593863
759	chr6	7593819	7593838	7593946	7593970
760	chr6	7593894	7593915	7594023	7594045
761	chr6	7594118	7594138	7593987	7594010
761	chr6	7594118	7594138	7593987	7594010
762	chr6	7594203	7594224	7594073	7594095
763	chr6	7594310	7594329	7594178	7594202
764	chr6	7594358	7594377	7594485	7594509
765	chr6	7594461	7594482	7594590	7594612
766	chr6	7594697	7594717	7594566	7594589
767	chr6	7594802	7594823	7594672	7594694
768	chr6	7594904	7594925	7594774	7594796
769	chr6	7594855	7594876	7594984	7595006
770	chr6	7594952	7594971	7595079	7595103
771	chr6	7595176	7595197	7595046	7595068
772	chr6	7595277	7595296	7595145	7595169
773	chr6	7595384	7595403	7595252	7595276
774	chr6	7595468	7595489	7595338	7595360
775	chr6	7595439	7595460	7595568	7595590
776	chr6	7595543	7595562	7595670	7595694
777	chr6	7595761	7595781	7595630	7595653
778	chr6	7595718	7595739	7595847	7595869
779	chr6	7595954	7595973	7595822	7595846
780	chr6	7596059	7596078	7595927	7595951
781	chr6	7596023	7596042	7596150	7596174
782	chr6	7596257	7596278	7596127	7596149
783	chr6	7596390	7596411	7596260	7596282
784	chr6	7596497	7596517	7596366	7596389
785	chr6	7596494	7596515	7596623	7596645
786	chr6	7596729	7596750	7596599	7596621
787	chr6	7596708	7596728	7596836	7596859
788	chr6	7596941	7596961	7596810	7596833
789	chr6	7596917	7596937	7597045	7597068
790	chr6	7597002	7597021	7597129	7597153
791	chr6	7597207	7597226	7597075	7597099
792	chr6	7597302	7597321	7597170	7597194
793	chr6	7597252	7597271	7597379	7597403
794	chr6	7597359	7597378	7597486	7597510
795	chr6	7597435	7597456	7597564	7597586
796	chr6	7597523	7597543	7597651	7597674
797	chr6	7597748	7597769	7597618	7597640
798	chr6	7597846	7597865	7597714	7597738
799	chr6	7597941	7597961	7597810	7597833
800	chr6	7598057	7598076	7598184	7598208
801	chr6	7598291	7598312	7598161	7598183
802	chr6	7598398	7598418	7598267	7598290
803	chr6	7598381	7598402	7598510	7598532
804	chr6	7598588	7598607	7598456	7598480
805	chr6	7598704	7598724	7598573	7598596
806	chr6	7598808	7598827	7598676	7598700
807	chr6	7598885	7598904	7598753	7598777
807	chr6	7598885	7598904	7598753	7598777
808	chr6	7598968	7598987	7598836	7598860
809	chr6	7598917	7598938	7599046	7599068
810	chr6	7599019	7599038	7599146	7599170
811	chr6	7599234	7599254	7599103	7599126
812	chr6	7599334	7599354	7599203	7599226
813	chr6	7599304	7599324	7599432	7599455
814	chr6	7599407	7599428	7599536	7599558
815	chr6	7599622	7599641	7599490	7599514
816	chr6	7599700	7599720	7599569	7599592
817	chr6	7599674	7599693	7599801	7599825
818	chr6	7599764	7599783	7599891	7599915
819	chr6	7599969	7599988	7599837	7599861
820	chr6	7600181	7600200	7600049	7600073
821	chr6	7600404	7600423	7600272	7600296
822	chr6	7600359	7600379	7600487	7600510
823	chr6	7600443	7600462	7600570	7600594
824	chr6	7600548	7600568	7600676	7600699
825	chr6	7600642	7600663	7600771	7600793
826	chr6	7600748	7600769	7600877	7600899
827	chr6	7600984	7601004	7600853	7600876
828	chr6	7601068	7601088	7600937	7600960
829	chr6	7601147	7601167	7601016	7601039
830	chr6	7601254	7601273	7601122	7601146
831	chr6	7601204	7601225	7601333	7601355
832	chr6	7601613	7601634	7601483	7601505
833	chr6	7601700	7601719	7601568	7601592
834	chr6	7601777	7601797	7601646	7601669
835	chr6	7601756	7601775	7601883	7601907
836	chr6	7601846	7601865	7601973	7601997
837	chr6	7602066	7602085	7601934	7601958
838	chr6	7602173	7602193	7602042	7602065
839	chr6	7602280	7602300	7602149	7602172
840	chr6	7602377	7602396	7602245	7602269
841	chr6	7602357	7602376	7602484	7602508
842	chr6	7602585	7602604	7602453	7602477
843	chr6	7602674	7602695	7602544	7602566
844	chr6	7602644	7602663	7602771	7602795
845	chr6	7602884	7602904	7602753	7602776
846	chr6	7602991	7603010	7602859	7602883
847	chr6	7602962	7602981	7603089	7603113
848	chr6	7603053	7603072	7603180	7603204
849	chr6	7603282	7603301	7603150	7603174
850	chr6	7603248	7603269	7603377	7603399
851	chr6	7603331	7603352	7603460	7603482
852	chr6	7603537	7603556	7603405	7603429
853	chr6	7603490	7603510	7603618	7603641
854	chr6	7603696	7603716	7603565	7603588
854	chr6	7603696	7603716	7603565	7603588
855	chr6	7603664	7603685	7603793	7603815
856	chr6	7603874	7603895	7603744	7603766
857	chr6	7603981	7604000	7603849	7603873
858	chr6	7604084	7604105	7603954	7603976
859	chr6	7604181	7604201	7604050	7604073
860	chr6	7604277	7604296	7604145	7604169
861	chr6	7604384	7604403	7604252	7604276
862	chr6	7604362	7604382	7604490	7604513
863	chr6	7604453	7604473	7604581	7604604
864	chr6	7604674	7604694	7604543	7604566
865	chr6	7604653	7604673	7604781	7604804
866	chr6	7604755	7604774	7604882	7604906
867	chr6	7604835	7604854	7604962	7604986
868	chr6	7605040	7605061	7604910	7604932
869	chr6	7605002	7605023	7605131	7605153
870	chr6	7605213	7605233	7605082	7605105
871	chr6	7605177	7605196	7605304	7605328
872	chr6	7605274	7605295	7605403	7605425
873	chr6	7605484	7605504	7605353	7605376
874	chr6	7605464	7605483	7605591	7605615
875	chr6	7605696	7605717	7605566	7605588
876	chr6	7605803	7605823	7605672	7605695
877	chr6	7605881	7605901	7605750	7605773
878	chr6	7605859	7605880	7605988	7606010
879	chr6	7605964	7605983	7606091	7606115
880	chr6	7606069	7606090	7606198	7606220
881	chr6	7606305	7606325	7606174	7606197
882	chr6	7606284	7606304	7606412	7606435
883	chr6	7606370	7606390	7606498	7606521
884	chr6	7606605	7606624	7606473	7606497
885	chr6	7606581	7606600	7606708	7606732
886	chr6	7606812	7606831	7606680	7606704
887	chr6	7606786	7606805	7606913	7606937
888	chr6	7606819	7606839	7606947	7606970
